model,device,lr,batch_size,epochs,use_inpainter,train_loss,val_loss,iid_val_iou,iid_test_iou,ood_iou,consistency,epoch
TriUnet,cuda,[1e-05],8,300,True,0.8463825404644012,0.7773212206363678,0.2535151541233063,0.25168285,0.0847130566835403,0.4098791861534119,0.0
TriUnet,cuda,[1e-05],8,300,True,0.7975963962078094,0.7371718108654022,0.3206861913204193,0.3477464616298675,0.1243894919753074,0.3911125719547271,1.0
TriUnet,cuda,[9.990133642141359e-06],8,300,True,0.7552098298072815,0.7162962201237678,0.3500968515872955,0.3722415268421173,0.1245379745960235,0.39243481695652,2.0
TriUnet,cuda,[9.960573506572391e-06],8,300,True,0.7301551896333695,0.6989022731781006,0.381670594215393,0.4081092774868011,0.1390148252248764,0.3848836970329284,3.0
TriUnet,cuda,[9.911436253643445e-06],8,300,True,0.7094770216941834,0.6877690932154655,0.4143212437629699,0.4240928292274475,0.1473243832588195,0.3727638503909111,4.0
TriUnet,cuda,[9.842915805643156e-06],8,300,True,0.6851409953832627,0.680355641245842,0.4165496826171875,0.4489736258983612,0.1511993259191513,0.3784494361281395,5.0
TriUnet,cuda,[9.755282581475769e-06],8,300,True,0.6678773778676986,0.6718772736191749,0.4409419000148773,0.4783251583576202,0.143628254532814,0.3625072023272514,6.0
TriUnet,cuda,[9.648882429441258e-06],8,300,True,0.6588604623079299,0.6643594798445701,0.4552041888236999,0.4920423626899719,0.1488369554281234,0.3671266815066337,7.0
TriUnet,cuda,[9.524135262330098e-06],8,300,True,0.6450393694639206,0.6515112975239754,0.4678259789943695,0.4975618422031402,0.1577688306570053,0.3791688176989555,8.0
TriUnet,cuda,[9.381533400219319e-06],8,300,True,0.6322745907306672,0.6436338722705841,0.5018318295478821,0.5368985533714294,0.1621053665876388,0.3745712259411812,9.0
TriUnet,cuda,[9.221639627510076e-06],8,300,True,0.6188260728120804,0.6425539934635163,0.4919221103191376,0.5287948846817017,0.1558567881584167,0.3755002379417419,10.0
TriUnet,cuda,[9.045084971874738e-06],8,300,True,0.6122869974374772,0.627806496322155,0.5189000964164734,0.5608808398246765,0.1504548788070678,0.3820267334580421,11.0
TriUnet,cuda,[8.852566213878947e-06],8,300,True,0.5995855164527893,0.6291878169775009,0.5190200209617615,0.5565237998962402,0.1657252162694931,0.3774792265892028,12.0
TriUnet,cuda,[8.644843137107058e-06],8,300,True,0.5819031095504761,0.6137441655993462,0.5356943607330322,0.5664026737213135,0.1545712798833847,0.396411021053791,13.0
TriUnet,cuda,[8.422735529643445e-06],8,300,True,0.5874620717763901,0.6040615257620812,0.542710542678833,0.5763229131698608,0.1724538803100586,0.4052212753891945,14.0
TriUnet,cuda,[8.18711994874345e-06],8,300,True,0.5678803795576095,0.5980417880415917,0.5480003952980042,0.5813273787498474,0.1553238183259964,0.4112486824393272,15.0
TriUnet,cuda,[7.938926261462368e-06],8,300,True,0.5554682993888855,0.5972584930062294,0.557010293006897,0.5997133851051331,0.1561252623796463,0.4044997504353523,16.0
TriUnet,cuda,[7.679133974894984e-06],8,300,True,0.5469790506362915,0.5955005404353142,0.5713781118392944,0.6011347770690918,0.1529538780450821,0.403648022711277,17.0
TriUnet,cuda,[7.408768370508577e-06],8,300,True,0.5427848213911056,0.5796532642841339,0.5736737251281738,0.6204535961151123,0.1772366315126419,0.4204717922210693,18.0
TriUnet,cuda,[7.128896457825364e-06],8,300,True,0.5415107488632203,0.5723596251010895,0.5942034721374512,0.6238483190536499,0.1692733615636825,0.4178445172309876,19.0
TriUnet,cuda,[6.840622763423391e-06],8,300,True,0.5212870979309082,0.576390979886055,0.5859870910644531,0.612417459487915,0.1778932511806488,0.420548640191555,20.0
TriUnet,cuda,[6.545084971874738e-06],8,300,True,0.5167202860116958,0.5583723306655883,0.6080292463302612,0.6190716624259949,0.1785238683223724,0.4325598388910293,21.0
TriUnet,cuda,[6.243449435824273e-06],8,300,True,0.5003983795642852,0.5570294688642025,0.6086379885673523,0.6177002191543579,0.2080942392349243,0.4345894110202789,22.0
TriUnet,cuda,[5.936906572928625e-06],8,300,True,0.5112768936157227,0.5517407760024071,0.6354585886001587,0.6306139230728149,0.2022375613451004,0.4426971068978309,23.0
TriUnet,cuda,[5.6266661678215225e-06],8,300,True,0.4997521364688873,0.542447447180748,0.6374481320381165,0.6375620365142822,0.1954473555088043,0.4551282201707363,24.0
TriUnet,cuda,[5.3139525976465675e-06],8,300,True,0.5001361536979675,0.5350491696596146,0.6233875751495361,0.6336544156074524,0.2023061662912368,0.453638699054718,25.0
TriUnet,cuda,[5e-06],8,300,True,0.4971294623613357,0.541804412305355,0.6465524435043335,0.6465404629707336,0.2054853290319442,0.4445167720317841,26.0
TriUnet,cuda,[4.686047402353433e-06],8,300,True,0.4905218935012817,0.5377232426404953,0.6387827396392822,0.6498857736587524,0.2146184146404266,0.4530439347028732,27.0
TriUnet,cuda,[4.37333383217848e-06],8,300,True,0.4793147361278534,0.5316661721467972,0.6513583660125732,0.6450372338294983,0.1981910765171051,0.4602059462666511,28.0
TriUnet,cuda,[4.063093427071377e-06],8,300,True,0.4849012643098831,0.528697055876255,0.6494492888450623,0.6492655873298645,0.212641641497612,0.4580768457055092,29.0
TriUnet,cuda,[3.756550564175726e-06],8,300,True,0.474700516462326,0.5274591074883938,0.6535128951072693,0.6499160528182983,0.2153370529413223,0.4621888722479343,30.0
TriUnet,cuda,[3.4549150281252648e-06],8,300,True,0.4729460936784744,0.5207859170436859,0.652732253074646,0.6556214094161987,0.2092075496912002,0.4680373148620128,31.0
TriUnet,cuda,[3.159377236576612e-06],8,300,True,0.4770324122905731,0.524887458384037,0.6586679220199585,0.6670629978179932,0.2164454907178878,0.4590154096484184,32.0
TriUnet,cuda,[2.871103542174637e-06],8,300,True,0.4718094670772552,0.5149515227973461,0.656337559223175,0.6708625555038452,0.2245900481939315,0.476443874835968,33.0
TriUnet,cuda,[2.5912316294914232e-06],8,300,True,0.4790671592950821,0.5087807807326317,0.6610149145126343,0.6689949035644531,0.2260497957468032,0.4912036193907261,34.0
TriUnet,cuda,[2.320866025105016e-06],8,300,True,0.4579975974559784,0.5148766991496087,0.6581451296806335,0.6743720173835754,0.2308640629053115,0.4787997615337371,35.0
TriUnet,cuda,[2.061073738537635e-06],8,300,True,0.4561791789531708,0.5059951031208039,0.6698132157325745,0.6673246622085571,0.2166354954242706,0.4874806328117848,36.0
TriUnet,cuda,[1.8128800512565514e-06],8,300,True,0.4684385162591934,0.5154900905489922,0.6658087968826294,0.6739321351051331,0.2305489629507064,0.4758054865896701,37.0
TriUnet,cuda,[1.5772644703565564e-06],8,300,True,0.4615248072147369,0.5189968545734882,0.6643452644348145,0.6758289933204651,0.2261819243431091,0.4705755494534969,38.0
TriUnet,cuda,[1.3551568628929434e-06],8,300,True,0.4418564075231552,0.5123707012832165,0.6697554588317871,0.6805415153503418,0.2277534008026123,0.4796405792236328,39.0
TriUnet,cuda,[1.1474337861210543e-06],8,300,True,0.4554561972618103,0.5100504717230797,0.649019181728363,0.673535168170929,0.2142999619245529,0.491004738509655,40.0
TriUnet,cuda,[9.549150281252633e-07],8,300,True,0.4575455057621002,0.5061853101849556,0.6706926226615906,0.6724525690078735,0.2250667512416839,0.4842451347410679,41.0
TriUnet,cuda,[7.783603724899258e-07],8,300,True,0.4482159566879272,0.5026697701215744,0.6701540350914001,0.683523952960968,0.2396512925624847,0.4883715742826462,42.0
TriUnet,cuda,[6.184665997806822e-07],8,300,True,0.4622368228435516,0.517658317387104,0.6747421026229858,0.6818352341651917,0.2223898023366928,0.4705025643110275,43.0
TriUnet,cuda,[4.758647376699033e-07],8,300,True,0.4450553125143051,0.5052189318835736,0.6572743058204651,0.6735658049583435,0.2270583659410476,0.4875526963174343,44.0
TriUnet,cuda,[3.511175705587433e-07],8,300,True,0.4440954613685608,0.5092039929330349,0.6749069690704346,0.684001624584198,0.2292980998754501,0.473976738601923,45.0
TriUnet,cuda,[2.447174185242324e-07],8,300,True,0.4502914416790008,0.5156024914979934,0.6755684018135071,0.6810905337333679,0.2192895412445068,0.467777923643589,46.0
TriUnet,cuda,[1.5708419435684518e-07],8,300,True,0.434743201136589,0.5115295359492302,0.6641243100166321,0.6729826331138611,0.2225693613290786,0.4782393248379231,47.0
TriUnet,cuda,[8.85637463565564e-08],8,300,True,0.4369449967145919,0.509451588690281,0.6751347184181213,0.6790927052497864,0.2366894483566284,0.4805240172147751,48.0
TriUnet,cuda,[3.9426493427611177e-08],8,300,True,0.4568733608722686,0.5076595357060433,0.6700631976127625,0.678058385848999,0.225836306810379,0.4802715210616588,49.0
TriUnet,cuda,[9.866357858642206e-09],8,300,True,0.4610149919986724,0.5176034377515316,0.6614201068878174,0.679063081741333,0.2270446717739105,0.4697095449268818,50.0
TriUnet,cuda,[1e-05],8,300,True,0.4596676844358444,0.5125572030246258,0.6581932306289673,0.6802116632461548,0.2379833310842514,0.4790931834280491,51.0
TriUnet,cuda,[9.997532801828659e-06],8,300,True,0.4510818099975586,0.4887052798271179,0.6793754696846008,0.6891449093818665,0.2245362699031829,0.4960116063058376,52.0
TriUnet,cuda,[9.990133642141359e-06],8,300,True,0.4592568141222,0.489250904917717,0.6697788834571838,0.6825984716415405,0.2314355075359344,0.4999507707357407,53.0
TriUnet,cuda,[9.9778098230154e-06],8,300,True,0.4218494117259979,0.4891750779747963,0.6690054535865784,0.6877666711807251,0.222918689250946,0.5032590454816819,54.0
TriUnet,cuda,[9.960573506572391e-06],8,300,True,0.4352188348770142,0.4850036922097206,0.6940768361091614,0.695943295955658,0.2368211597204208,0.4992288124561309,55.0
TriUnet,cuda,[9.938441702975689e-06],8,300,True,0.4388595521450043,0.4824295334517955,0.688772976398468,0.7142401337623596,0.2524397075176239,0.5076946659386158,56.0
TriUnet,cuda,[9.911436253643445e-06],8,300,True,0.4272667330503463,0.4679097267985344,0.6985001564025879,0.7009438276290894,0.2542340457439422,0.5207905779778957,57.0
TriUnet,cuda,[9.879583809693737e-06],8,300,True,0.4165404015779495,0.4730915653705597,0.7030994296073914,0.7220502495765686,0.2363580465316772,0.5122358687222004,58.0
TriUnet,cuda,[9.842915805643156e-06],8,300,True,0.4092829602956772,0.4558054816722869,0.7022868394851685,0.7175973653793335,0.2266912460327148,0.5328206473588943,59.0
TriUnet,cuda,[9.801468428384716e-06],8,300,True,0.4069076192378997,0.4493857230246067,0.6959209442138672,0.7236796021461487,0.2629177272319793,0.5466355164349079,60.0
TriUnet,cuda,[9.755282581475769e-06],8,300,True,0.3986044526100158,0.4616932609677315,0.695595920085907,0.7133338451385498,0.223523736000061,0.5315910148620606,61.0
TriUnet,cuda,[9.704403844771128e-06],8,300,True,0.3839559942483902,0.4539358195662498,0.7085195779800415,0.7236306667327881,0.2463833689689636,0.5398970149457455,62.0
TriUnet,cuda,[9.648882429441258e-06],8,300,True,0.3907251679897308,0.4410162223875523,0.7067663669586182,0.7239457964897156,0.2480330318212509,0.5467521758377551,63.0
TriUnet,cuda,[9.588773128419907e-06],8,300,True,0.3886154693365097,0.44170942902565,0.7097387909889221,0.7190775871276855,0.2600409090518951,0.5522712852060795,64.0
TriUnet,cuda,[9.524135262330098e-06],8,300,True,0.3601398265361786,0.4368841110914945,0.7115873694419861,0.7362167239189148,0.2805943787097931,0.5608081682026387,65.0
TriUnet,cuda,[9.45503262094184e-06],8,300,True,0.389530103802681,0.4201706516742706,0.7231646776199341,0.7373785376548767,0.282792180776596,0.571366467922926,66.0
TriUnet,cuda,[9.381533400219319e-06],8,300,True,0.3629418557882309,0.420698107033968,0.7236895561218262,0.726482629776001,0.2872138023376465,0.5801434054970741,67.0
TriUnet,cuda,[9.30371013501972e-06],8,300,True,0.3736819899082184,0.4332731987535954,0.7144782543182373,0.7329526543617249,0.2685203850269317,0.5638109934329987,68.0
TriUnet,cuda,[9.221639627510076e-06],8,300,True,0.3660532128810883,0.4282775086164474,0.7156635522842407,0.740917444229126,0.2842315137386322,0.5679967688024044,69.0
TriUnet,cuda,[9.13540287137281e-06],8,300,True,0.3604384893178939,0.4195557233691215,0.7187964916229248,0.7413784861564636,0.2850432395935058,0.5681805486977101,70.0
TriUnet,cuda,[9.045084971874738e-06],8,300,True,0.3662772387266159,0.4022643508017063,0.7234987020492554,0.7399457693099976,0.2697886228561401,0.6022436921298504,71.0
TriUnet,cuda,[8.950775061878451e-06],8,300,True,0.3346373319625854,0.4017872343957424,0.728254497051239,0.7557745575904846,0.268762469291687,0.5923931252211332,72.0
TriUnet,cuda,[8.852566213878947e-06],8,300,True,0.3565221953392029,0.4017282103002071,0.7421147227287292,0.7561721205711365,0.2866407036781311,0.5862961971759797,73.0
TriUnet,cuda,[8.750555348152299e-06],8,300,True,0.3504866141080856,0.3918564294278621,0.7353549003601074,0.7620913982391357,0.2799886465072632,0.6027748515456914,74.0
TriUnet,cuda,[8.644843137107058e-06],8,300,True,0.3374453085660934,0.4085472381860018,0.7301585674285889,0.7468008995056152,0.230447307229042,0.5763954816758632,75.0
TriUnet,cuda,[8.535533905932739e-06],8,300,True,0.3319068664312363,0.3833845752477646,0.7563419938087463,0.7677634954452515,0.2877744734287262,0.6076868511736393,76.0
TriUnet,cuda,[8.422735529643445e-06],8,300,True,0.333351149559021,0.3983864799886942,0.750741720199585,0.7689530849456787,0.2908031344413757,0.591870395615697,77.0
TriUnet,cuda,[8.30655932661826e-06],8,300,True,0.3224366956949234,0.3793139527738094,0.7440176606178284,0.7671715021133423,0.2830483317375183,0.6139531330019236,78.0
TriUnet,cuda,[8.18711994874345e-06],8,300,True,0.3249308115243912,0.374051174223423,0.7486679553985596,0.7707940936088562,0.2986792325973511,0.6201005115360021,79.0
TriUnet,cuda,[8.064535268264883e-06],8,300,True,0.3200522953271866,0.3885358078032732,0.7506610155105591,0.7671244740486145,0.2977474629878998,0.602730236724019,80.0
TriUnet,cuda,[7.938926261462368e-06],8,300,True,0.3225389432907104,0.3610171980410814,0.7621737122535706,0.7685035467147827,0.298679381608963,0.628154239654541,81.0
TriUnet,cuda,[7.810416889260654e-06],8,300,True,0.317615230679512,0.372841283082962,0.7442286610603333,0.7578716278076172,0.2982127070426941,0.6168288479745387,82.0
TriUnet,cuda,[7.679133974894984e-06],8,300,True,0.3165777540206909,0.3592902282625437,0.7486403584480286,0.7541428208351135,0.303949236869812,0.6357025135308504,83.0
TriUnet,cuda,[7.545207078751858e-06],8,300,True,0.3134481203556061,0.3735838122665882,0.7527291178703308,0.775328516960144,0.2815496921539306,0.6153019058704376,84.0
TriUnet,cuda,[7.408768370508577e-06],8,300,True,0.3119290226697921,0.3589842903614044,0.7471577525138855,0.759773313999176,0.2982713282108307,0.6338484294712543,85.0
TriUnet,cuda,[7.269952498697734e-06],8,300,True,0.2984373784065247,0.359752307459712,0.7523899078369141,0.7696566581726074,0.3053154945373535,0.6356589542329312,86.0
TriUnet,cuda,[7.128896457825364e-06],8,300,True,0.3015301537513732,0.3653772541135549,0.7615483999252319,0.7709506750106812,0.3071256279945373,0.6184919582307339,87.0
TriUnet,cuda,[6.985739453173903e-06],8,300,True,0.2968786269426345,0.3514535392820835,0.7553142309188843,0.7732841372489929,0.2985334098339081,0.6357725600153208,88.0
TriUnet,cuda,[6.840622763423391e-06],8,300,True,0.2835997074842453,0.3464728309214115,0.7750961184501648,0.7805423140525818,0.3157482445240021,0.6414690556377172,89.0
TriUnet,cuda,[6.693689601226458e-06],8,300,True,0.3013282668590545,0.3458382961899042,0.7696701288223267,0.768355131149292,0.3111617863178253,0.6407515740394591,90.0
TriUnet,cuda,[6.545084971874738e-06],8,300,True,0.290690450668335,0.3614270068705082,0.7696611285209656,0.7778663635253906,0.3007015585899353,0.6323515352606773,91.0
TriUnet,cuda,[6.3949555301961474e-06],8,300,True,0.2941942739486694,0.3480955732613802,0.7651792168617249,0.7900785207748413,0.2918140590190887,0.648882125839591,92.0
TriUnet,cuda,[6.243449435824273e-06],8,300,True,0.2938235515356064,0.3361983305215835,0.7805761694908142,0.7853012084960938,0.3010116815567016,0.6520065946131945,93.0
TriUnet,cuda,[6.090716206982714e-06],8,300,True,0.2812642407417297,0.3360858413577079,0.7806211709976196,0.7855477929115295,0.3050929009914398,0.6536010231822729,94.0
TriUnet,cuda,[5.936906572928625e-06],8,300,True,0.2795232087373733,0.3551280401647091,0.7637201547622681,0.7793309688568115,0.316006451845169,0.6398061122000218,95.0
TriUnet,cuda,[5.782172325201155e-06],8,300,True,0.2809035235643387,0.334470627605915,0.7740514278411865,0.7794227004051208,0.3059605062007904,0.6648273010551929,96.0
TriUnet,cuda,[5.6266661678215225e-06],8,300,True,0.2818706440925598,0.3353713394701481,0.779208242893219,0.783171534538269,0.3065906465053558,0.6556316386908293,97.0
TriUnet,cuda,[5.470541566592572e-06],8,300,True,0.2730593740940094,0.3593543046712875,0.7776761054992676,0.7877987623214722,0.3031543493270874,0.6318088321387767,98.0
TriUnet,cuda,[5.3139525976465675e-06],8,300,True,0.2846882402896881,0.3372631324827671,0.7797374725341797,0.7945507764816284,0.318407267332077,0.652958662584424,99.0
TriUnet,cuda,[5.157053795390642e-06],8,300,True,0.2760149455070496,0.3285170665383339,0.7749995589256287,0.7881954312324524,0.303077220916748,0.6641386318206788,100.0
TriUnet,cuda,[5e-06],8,300,True,0.261001563668251,0.3282991854101419,0.7629652619361877,0.7964118123054504,0.3194575011730194,0.6639591471850872,101.0
TriUnet,cuda,[4.842946204609359e-06],8,300,True,0.2491534501314163,0.3321216548979282,0.7705220580101013,0.7852221131324768,0.3102776706218719,0.6629424768686294,102.0
TriUnet,cuda,[4.686047402353433e-06],8,300,True,0.269774512052536,0.3169011434167623,0.7729524374008179,0.7899274230003357,0.3148552179336548,0.6740390834212303,103.0
TriUnet,cuda,[4.529458433407429e-06],8,300,True,0.2694233947992325,0.3165744280442595,0.7757549285888672,0.7853308916091919,0.3358868062496185,0.6767337502539158,104.0
TriUnet,cuda,[4.37333383217848e-06],8,300,True,0.2685000163316726,0.3374891304969787,0.7741487622261047,0.7834646105766296,0.3275952935218811,0.6500692576169967,105.0
TriUnet,cuda,[4.217827674798846e-06],8,300,True,0.2485422760248184,0.327373745366931,0.7740312814712524,0.7867684364318848,0.3182923793792724,0.6695654630661011,106.0
TriUnet,cuda,[4.063093427071377e-06],8,300,True,0.2561185276508331,0.3399069298058748,0.7791205048561096,0.7856440544128418,0.337665855884552,0.6439452730864286,107.0
TriUnet,cuda,[3.909283793017289e-06],8,300,True,0.2718897277116776,0.3209415761381388,0.7793533802032471,0.7812528014183044,0.3237666189670563,0.6702875730395317,108.0
TriUnet,cuda,[3.756550564175726e-06],8,300,True,0.2624786669015884,0.3139031494408846,0.787692129611969,0.7828192710876465,0.3446506559848785,0.6752663355320692,109.0
TriUnet,cuda,[3.6050444698038547e-06],8,300,True,0.2597981506586075,0.3141199366748333,0.7761411070823669,0.7910959124565125,0.3351037204265594,0.6808660510927439,110.0
TriUnet,cuda,[3.4549150281252648e-06],8,300,True,0.2673651099205017,0.3093638736009598,0.775566816329956,0.7859389781951904,0.3349224030971527,0.6879830077290535,111.0
TriUnet,cuda,[3.3063103987735433e-06],8,300,True,0.2582694810628891,0.3232589518278837,0.778988242149353,0.7898978590965271,0.3337436616420746,0.6718877600133419,112.0
TriUnet,cuda,[3.159377236576612e-06],8,300,True,0.2471238046884536,0.3223867028206587,0.7878978848457336,0.7921763062477112,0.3445518016815185,0.6666856712847948,113.0
TriUnet,cuda,[3.0142605468260967e-06],8,300,True,0.2458773678541183,0.293962828963995,0.7935348749160767,0.7975558638572693,0.3367003202438354,0.6990774143487215,114.0
TriUnet,cuda,[2.871103542174637e-06],8,300,True,0.2523386883735656,0.3240561655908823,0.7835195660591125,0.791588544845581,0.3320911526679992,0.6681083562970161,115.0
TriUnet,cuda,[2.7300475013022666e-06],8,300,True,0.2380394744873047,0.3274350926280022,0.7799723744392395,0.7988629341125488,0.3188211321830749,0.6661904574930668,116.0
TriUnet,cuda,[2.5912316294914232e-06],8,300,True,0.2498183238506317,0.3138486422598362,0.7894989848136902,0.7917551398277283,0.3246328830718994,0.6788662105053663,117.0
TriUnet,cuda,[2.4547929212481436e-06],8,300,True,0.2412625241279602,0.3062777632474899,0.7846457958221436,0.7941136360168457,0.3232938349246979,0.6879889255762099,118.0
TriUnet,cuda,[2.320866025105016e-06],8,300,True,0.2479110914468765,0.2918881184607744,0.7906588912010193,0.7961099743843079,0.3231330811977386,0.6975559445470572,119.0
TriUnet,cuda,[2.189583110739347e-06],8,300,True,0.2587386167049408,0.3177577111124992,0.7697413563728333,0.7959049940109253,0.3220387995243072,0.6815519619360566,120.0
TriUnet,cuda,[2.061073738537635e-06],8,300,True,0.2575393325090408,0.29897379912436,0.7875688672065735,0.7966243028640747,0.3323508203029632,0.6952571783959866,121.0
TriUnet,cuda,[1.935464731735117e-06],8,300,True,0.2520719909667969,0.3133171291649341,0.7879142165184021,0.7890030145645142,0.3278288841247558,0.6771127291768789,122.0
TriUnet,cuda,[1.8128800512565514e-06],8,300,True,0.2353565561771392,0.3220957632362842,0.7844482660293579,0.7946768999099731,0.3262181878089905,0.6665079796314239,123.0
TriUnet,cuda,[1.6934406733817417e-06],8,300,True,0.2301397222280502,0.3104994671046734,0.773624062538147,0.7935654520988464,0.3235875070095062,0.6816482705250382,124.0
TriUnet,cuda,[1.5772644703565564e-06],8,300,True,0.2452315443754196,0.3103661046177148,0.7770812511444092,0.7938704490661621,0.3201663494110107,0.6833704596012831,125.0
TriUnet,cuda,[1.4644660940672628e-06],8,300,True,0.2344030338525772,0.306702542565763,0.781240701675415,0.7910459637641907,0.333545058965683,0.6893673477321863,126.0
TriUnet,cuda,[1.3551568628929434e-06],8,300,True,0.2488909810781479,0.3116023214906454,0.7881491184234619,0.797828197479248,0.3344929218292236,0.6848786450922489,127.0
TriUnet,cuda,[1.2494446518477022e-06],8,300,True,0.2426263630390167,0.3126479877531528,0.7884020805358887,0.7943789958953857,0.3287623226642608,0.6722123006731271,128.0
TriUnet,cuda,[1.1474337861210543e-06],8,300,True,0.246259542107582,0.3114598760008812,0.7778840661048889,0.7945981621742249,0.3248186409473419,0.6790947703272104,129.0
TriUnet,cuda,[1.049224938121548e-06],8,300,True,0.237202770113945,0.3201221608370542,0.7807519435882568,0.7967654466629028,0.3401320576667785,0.6731544261425734,130.0
TriUnet,cuda,[9.549150281252633e-07],8,300,True,0.2301641279458999,0.3168635134026408,0.7860783934593201,0.7956961989402771,0.3311930298805237,0.6694884264841676,131.0
TriUnet,cuda,[8.645971286271915e-07],8,300,True,0.237652695775032,0.3045613769441843,0.7807405591011047,0.7886865139007568,0.3199693560600281,0.6871208792552352,132.0
TriUnet,cuda,[7.783603724899258e-07],8,300,True,0.2376372784376144,0.3150030468404293,0.7762838006019592,0.797916054725647,0.335961103439331,0.6785824025422335,133.0
TriUnet,cuda,[6.962898649802813e-07],8,300,True,0.2265635097026825,0.3047001191973686,0.7818385362625122,0.7942894101142883,0.3341624140739441,0.7011307680606842,134.0
TriUnet,cuda,[6.184665997806822e-07],8,300,True,0.2349811804294586,0.3070284219831228,0.7869998216629028,0.8014945387840271,0.3365273475646972,0.682989739254117,135.0
TriUnet,cuda,[5.449673790581611e-07],8,300,True,0.2436290633678436,0.3098104293644428,0.7835202217102051,0.7983502745628357,0.3305892646312713,0.6822550889849663,136.0
TriUnet,cuda,[4.758647376699033e-07],8,300,True,0.2487537109851837,0.2984427861124277,0.7850279808044434,0.7956425547599792,0.3287180662155151,0.6975981600582599,137.0
TriUnet,cuda,[4.112268715800954e-07],8,300,True,0.2261617618799209,0.3099624954164028,0.7767148017883301,0.8012507557868958,0.3243336677551269,0.6855573714524508,138.0
TriUnet,cuda,[3.511175705587433e-07],8,300,True,0.2397290474176406,0.3080488424748182,0.7823144793510437,0.7939156293869019,0.3323360085487366,0.6840494157373905,139.0
TriUnet,cuda,[2.9559615522887275e-07],8,300,True,0.2194156038761139,0.3124467723816633,0.7800886631011963,0.7949945330619812,0.3240500688552856,0.681099978722632,140.0
TriUnet,cuda,[2.447174185242324e-07],8,300,True,0.2343307995796203,0.3228779737651348,0.7775148153305054,0.7964915633201599,0.3308872580528259,0.6652088201418519,141.0
TriUnet,cuda,[1.9853157161528524e-07],8,300,True,0.2303612244129181,0.3173447170108556,0.7866050004959106,0.7902107834815979,0.3293401896953583,0.6724704718962311,142.0
TriUnet,cuda,[1.5708419435684518e-07],8,300,True,0.2271484857797622,0.32580048635602,0.7836372256278992,0.7965840697288513,0.3287944495677948,0.6677385529875755,143.0
TriUnet,cuda,[1.2041619030626338e-07],8,300,True,0.224416314959526,0.3069147477298975,0.7790159583091736,0.7971456050872803,0.3341842591762543,0.6836022308841347,144.0
TriUnet,cuda,[8.85637463565564e-08],8,300,True,0.2417642849683761,0.2938478372991085,0.7782135009765625,0.8007276058197021,0.3294755518436432,0.7027302227914334,145.0
TriUnet,cuda,[6.15582970243117e-08],8,300,True,0.2291784197092056,0.3232939482480287,0.7806581854820251,0.7862691283226013,0.3323077261447906,0.6682206658273935,146.0
TriUnet,cuda,[3.9426493427611177e-08],8,300,True,0.2422305536270141,0.3160105812549591,0.7815022468566895,0.7962538003921509,0.3289499580860138,0.6695207872986794,147.0
TriUnet,cuda,[2.219017698460002e-08],8,300,True,0.2307777863740921,0.3067603429406881,0.7866126894950867,0.7949371337890625,0.3393162786960602,0.6861103298142552,148.0
TriUnet,cuda,[9.866357858642206e-09],8,300,True,0.2506629431247711,0.3101114735752344,0.7855854034423828,0.7903281450271606,0.3332763314247131,0.6845309543609619,149.0
TriUnet,cuda,[2.4671981713420003e-09],8,300,True,0.2280779159069061,0.310177631303668,0.7871760725975037,0.7970554828643799,0.3283590674400329,0.679766438677907,150.0
TriUnet,cuda,[1e-05],8,300,True,0.2508012014627456,0.2980063534900546,0.7840723991394043,0.7850127220153809,0.326366126537323,0.700647832006216,151.0
TriUnet,cuda,[9.999383162408303e-06],8,300,True,0.2544151753187179,0.3074940569698811,0.7757582664489746,0.7929167747497559,0.3154648542404175,0.685353868752718,152.0
TriUnet,cuda,[9.997532801828659e-06],8,300,True,0.2503423118591308,0.3145301527529955,0.7726661562919617,0.7894619703292847,0.3113733530044555,0.6832779539376497,153.0
TriUnet,cuda,[9.994449374809851e-06],8,300,True,0.2409892868995666,0.3113492375612259,0.7774031162261963,0.789466381072998,0.3339160978794098,0.6893947596102953,154.0
TriUnet,cuda,[9.990133642141359e-06],8,300,True,0.2493753117322922,0.3034980257600546,0.7766678333282471,0.8012294769287109,0.3425450623035431,0.6914943060278893,155.0
TriUnet,cuda,[9.984586668665641e-06],8,300,True,0.2735115218162536,0.3114732815697789,0.7823273539543152,0.7735509276390076,0.3197728395462036,0.6869676280021668,156.0
TriUnet,cuda,[9.9778098230154e-06],8,300,True,0.253511705994606,0.311277367696166,0.7852628231048584,0.78765469789505,0.3407150506973266,0.6801901112496853,157.0
TriUnet,cuda,[9.9698047772759e-06],8,300,True,0.2491250509023666,0.3055192796885967,0.7868680357933044,0.7937341332435608,0.3232531547546386,0.6862123764678836,158.0
TriUnet,cuda,[9.960573506572391e-06],8,300,True,0.2288922929763794,0.3093236808851361,0.7812740206718445,0.8011751770973206,0.3163489401340484,0.6841606193408369,159.0
TriUnet,cuda,[9.95011828858279e-06],8,300,True,0.2405311143398285,0.3092385729402304,0.7709517478942871,0.7862981557846069,0.3217988610267639,0.6842829298228026,160.0
TriUnet,cuda,[9.938441702975689e-06],8,300,True,0.2413541662693023,0.3135793787240982,0.7699612975120544,0.7991433143615723,0.3325215280056,0.6771066246926785,161.0
TriUnet,cuda,[9.92554663077387e-06],8,300,True,0.2355842214822769,0.2887330666929483,0.779578447341919,0.8009059429168701,0.3507349789142608,0.7077598044648766,162.0
TriUnet,cuda,[9.911436253643445e-06],8,300,True,0.2426131951808929,0.2904978739470243,0.78721022605896,0.7986937165260315,0.3303720951080322,0.7105822209268808,163.0
TriUnet,cuda,[9.89611405310883e-06],8,300,True,0.2359938621520996,0.3069207737594843,0.7792689800262451,0.8005129098892212,0.3084933757781982,0.6846731184050441,164.0
TriUnet,cuda,[9.879583809693737e-06],8,300,True,0.2505106419324875,0.3006057212129235,0.772403359413147,0.7952430248260498,0.3305299580097198,0.6977854558452964,165.0
TriUnet,cuda,[9.861849601988384e-06],8,300,True,0.2377982175350189,0.291131676286459,0.785813570022583,0.7786163091659546,0.3419845700263977,0.7040364589914679,166.0
TriUnet,cuda,[9.842915805643156e-06],8,300,True,0.2313299471139908,0.2976882357150316,0.7842965126037598,0.791170060634613,0.3344527184963226,0.7001836021989585,167.0
TriUnet,cuda,[9.822787092288991e-06],8,300,True,0.2309138947725296,0.2710214243084192,0.8002651929855347,0.7922068238258362,0.3371632099151611,0.7183681030943989,168.0
TriUnet,cuda,[9.801468428384716e-06],8,300,True,0.2230577719211578,0.2863079652190208,0.7904909253120422,0.7848203778266907,0.3300192058086395,0.7095317882299423,169.0
TriUnet,cuda,[9.778965073991652e-06],8,300,True,0.218621397614479,0.3101320955529809,0.7750647068023682,0.7867526412010193,0.3301610648632049,0.6817893792316317,170.0
TriUnet,cuda,[9.755282581475769e-06],8,300,True,0.2360681885480881,0.3056925443187356,0.7747938632965088,0.7842532396316528,0.3329351842403412,0.6896159907057882,171.0
TriUnet,cuda,[9.730426794137727e-06],8,300,True,0.2331276047229767,0.2992246627435088,0.7859161496162415,0.7993531823158264,0.3164378106594085,0.7020012873411179,172.0
TriUnet,cuda,[9.704403844771128e-06],8,300,True,0.2231471991539001,0.307737189270556,0.7828623056411743,0.787335216999054,0.3554712533950805,0.6940503603965045,173.0
TriUnet,cuda,[9.677220154149338e-06],8,300,True,0.2370708000659942,0.3067595700547099,0.7803202271461487,0.7896872758865356,0.3363182544708252,0.7011498799547553,174.0
TriUnet,cuda,[9.648882429441258e-06],8,300,True,0.2246971774101257,0.3155948279798031,0.7965000867843628,0.803081214427948,0.3489341735839844,0.6699893487989903,175.0
TriUnet,cuda,[9.619397662556434e-06],8,300,True,0.2201311111450195,0.2829598032310605,0.7929864525794983,0.8115634322166443,0.3411638438701629,0.7120394494384528,176.0
TriUnet,cuda,[9.588773128419907e-06],8,300,True,0.2312343609333038,0.2881405844166875,0.7930823564529419,0.8122992515563965,0.3372365534305572,0.7082876657694579,177.0
TriUnet,cuda,[9.557016383177226e-06],8,300,True,0.2351461219787597,0.2859554510004818,0.7966336607933044,0.8142216205596924,0.3522668480873108,0.7050597387738526,178.0
TriUnet,cuda,[9.524135262330098e-06],8,300,True,0.2183210521936416,0.2729698877036571,0.7980911135673523,0.8059474229812622,0.3639527857303619,0.7339452705532312,179.0
TriUnet,cuda,[9.490137878803078e-06],8,300,True,0.2194839292764663,0.2616017528623342,0.8026793599128723,0.8046538829803467,0.3188439309597015,0.7402528759464622,180.0
TriUnet,cuda,[9.45503262094184e-06],8,300,True,0.2241557627916336,0.2770688175037503,0.7872493267059326,0.8016403317451477,0.3535215854644775,0.7227208173647524,181.0
TriUnet,cuda,[9.418828150443469e-06],8,300,True,0.2121151572465896,0.2792801099270582,0.8049061298370361,0.8170017004013062,0.3594926297664642,0.7208943099528551,182.0
TriUnet,cuda,[9.381533400219319e-06],8,300,True,0.2207645094394683,0.2759140774235129,0.8031193614006042,0.8080010414123535,0.3543364107608795,0.7145742183923721,183.0
TriUnet,cuda,[9.343157572190957e-06],8,300,True,0.2174950462579727,0.2606031350418925,0.8090454339981079,0.8134504556655884,0.3596484661102295,0.7322498520091176,184.0
TriUnet,cuda,[9.30371013501972e-06],8,300,True,0.2113784283399581,0.2640002194792032,0.8083915710449219,0.8215634822845459,0.3212248682975769,0.7288328060507774,185.0
TriUnet,cuda,[9.263200821770462e-06],8,300,True,0.2104420828819274,0.2780234231054783,0.7919866442680359,0.7982968688011169,0.3235636353492737,0.7303638124093413,186.0
TriUnet,cuda,[9.221639627510076e-06],8,300,True,0.2134572941064834,0.273243847489357,0.803356945514679,0.8042022585868835,0.3383602499961853,0.7247011026367545,187.0
TriUnet,cuda,[9.179036806841352e-06],8,300,True,0.2120774430036544,0.2865995430201292,0.7954411506652832,0.8054525852203369,0.3474300503730774,0.706067328825593,188.0
TriUnet,cuda,[9.13540287137281e-06],8,300,True,0.2195644450187683,0.2781402516365051,0.7980989217758179,0.8141245245933533,0.3262929916381836,0.7183108316734433,189.0
TriUnet,cuda,[9.090748587125118e-06],8,300,True,0.2149801748991012,0.261636754348874,0.8076255917549133,0.8221099972724915,0.3256747722625732,0.7337516444176435,190.0
TriUnet,cuda,[9.045084971874738e-06],8,300,True,0.2127206945419311,0.2796832804381847,0.7915460467338562,0.8201962113380432,0.3067831993103027,0.715022484511137,191.0
TriUnet,cuda,[8.998423292435455e-06],8,300,True,0.2158268016576767,0.2683312989026308,0.8043833374977112,0.8118313550949097,0.3256621360778808,0.7265422893688083,192.0
TriUnet,cuda,[8.950775061878451e-06],8,300,True,0.2187948334217071,0.2517615342140197,0.81172776222229,0.8074451684951782,0.3244656920433044,0.7409361435100437,193.0
TriUnet,cuda,[8.902152036691649e-06],8,300,True,0.1923102152347564,0.2713217194005847,0.8145630359649658,0.816111147403717,0.3385739326477051,0.7204876234382391,194.0
TriUnet,cuda,[8.852566213878947e-06],8,300,True,0.1967255878448486,0.2706494103744626,0.8069851398468018,0.804410994052887,0.2988843023777008,0.7192471825703979,195.0
TriUnet,cuda,[8.802029828000157e-06],8,300,True,0.2032768124341964,0.2547243307158351,0.8100088238716125,0.8077081441879272,0.323236733675003,0.741345960907638,196.0
TriUnet,cuda,[8.750555348152299e-06],8,300,True,0.2113421714305877,0.2817643254250288,0.8027800917625427,0.8131800889968872,0.3401731252670288,0.7108000070601701,197.0
TriUnet,cuda,[8.698155474893048e-06],8,300,True,0.2072855532169342,0.2824233676120639,0.7883437871932983,0.8093098998069763,0.3437069356441498,0.7129869912937283,198.0
TriUnet,cuda,[8.644843137107058e-06],8,300,True,0.2029280012845993,0.2647550198435783,0.7981414794921875,0.8162689208984375,0.3200447559356689,0.7365168626978993,199.0
TriUnet,cuda,[8.590631488815945e-06],8,300,True,0.2066903209686279,0.2864143778383732,0.8036289215087891,0.8219654560089111,0.3320342898368835,0.7103264758363366,200.0
TriUnet,cuda,[8.535533905932739e-06],8,300,True,0.203774527311325,0.2660130294412374,0.80266934633255,0.8231209516525269,0.3431001007556915,0.7372964318096638,201.0
TriUnet,cuda,[8.479563982961572e-06],8,300,True,0.2013408404588699,0.2546592349745333,0.80436110496521,0.8275075554847717,0.3162464201450348,0.7507000096328557,202.0
TriUnet,cuda,[8.422735529643445e-06],8,300,True,0.2028969657421112,0.2589776052907109,0.7956647276878357,0.8151704668998718,0.3334998190402984,0.7473020787537098,203.0
TriUnet,cuda,[8.365062567548868e-06],8,300,True,0.1920001125335693,0.2632308517023921,0.8050800561904907,0.8368762135505676,0.3414737284183502,0.7380109056830406,204.0
TriUnet,cuda,[8.30655932661826e-06],8,300,True,0.2111348563432693,0.2669839796423912,0.8040473461151123,0.8333503007888794,0.346868097782135,0.7261888040229678,205.0
TriUnet,cuda,[8.24724024165092e-06],8,300,True,0.1969741749763488,0.2560650568455457,0.8088901042938232,0.8301641941070557,0.2958724796772003,0.7376901836693287,206.0
TriUnet,cuda,[8.18711994874345e-06],8,300,True,0.1857084798812866,0.2600667315721512,0.8065686821937561,0.8154960870742798,0.3039131760597229,0.7400794970244169,207.0
TriUnet,cuda,[8.126213281678527e-06],8,300,True,0.1806175065040588,0.2676250233128667,0.7969397902488708,0.8302677273750305,0.3079969882965088,0.7346485088765622,208.0
TriUnet,cuda,[8.064535268264883e-06],8,300,True,0.1849947363138198,0.2620210636779665,0.790081262588501,0.8356438279151917,0.2978896796703338,0.7549423036724329,209.0
TriUnet,cuda,[8.002101126629422e-06],8,300,True,0.196975781917572,0.2607970559224486,0.8015838861465454,0.82392418384552,0.3234466910362243,0.7388123289495707,210.0
TriUnet,cuda,[7.938926261462368e-06],8,300,True,0.1873759204149246,0.274487070068717,0.7962493896484375,0.8231651186943054,0.3167466819286346,0.7269535655900836,211.0
TriUnet,cuda,[7.875026260216395e-06],8,300,True,0.1892485445737838,0.256993728838861,0.8198199272155762,0.8274077773094177,0.3332022428512573,0.7407970528304577,212.0
TriUnet,cuda,[7.810416889260654e-06],8,300,True,0.1874281555414199,0.2754937231913208,0.8021305799484253,0.8269484639167786,0.3070359826087951,0.7176191620901227,213.0
TriUnet,cuda,[7.74511408999066e-06],8,300,True,0.1935401672124862,0.2486541958898306,0.8043122291564941,0.832863986492157,0.3002842366695404,0.7530132216960191,214.0
TriUnet,cuda,[7.679133974894984e-06],8,300,True,0.1818547248840332,0.2374850287660956,0.8161231875419617,0.8233271837234497,0.3598769903182983,0.7571914785169065,215.0
TriUnet,cuda,[7.612492823579744e-06],8,300,True,0.1750635331869125,0.2496849132701754,0.8196972608566284,0.8346601724624634,0.3240294754505157,0.7477615017816424,216.0
TriUnet,cuda,[7.545207078751858e-06],8,300,True,0.1879926943778991,0.2599254256114364,0.7997940182685852,0.8223026990890503,0.359061449766159,0.7410482976958155,217.0
TriUnet,cuda,[7.477293342162038e-06],8,300,True,0.1872794717550277,0.2590537927299738,0.7945794463157654,0.8128669857978821,0.3352854251861572,0.745607091858983,218.0
TriUnet,cuda,[7.408768370508577e-06],8,300,True,0.1859674078226089,0.2570517487451434,0.8103861808776855,0.8115112781524658,0.3339152038097381,0.7346067836508154,219.0
TriUnet,cuda,[7.3396490713028674e-06],8,300,True,0.1827498525381088,0.2522008249908685,0.8233554363250732,0.8263199329376221,0.3556497991085052,0.7410125371813774,220.0
TriUnet,cuda,[7.269952498697734e-06],8,300,True,0.1831018006801605,0.2623806641250849,0.8125675320625305,0.8198463916778564,0.3572547733783722,0.7347993000969291,221.0
TriUnet,cuda,[7.1996958492795755e-06],8,300,True,0.182862007021904,0.2483226555585861,0.8165785074234009,0.82428377866745,0.3698498606681824,0.7528697640821338,222.0
TriUnet,cuda,[7.128896457825364e-06],8,300,True,0.1679643362760544,0.2538191461935639,0.8146522641181946,0.820015549659729,0.3677724599838257,0.7394356356933713,223.0
TriUnet,cuda,[7.057571793025545e-06],8,300,True,0.1876452422142028,0.244713367074728,0.8291593194007874,0.8254480957984924,0.3718816041946411,0.7516762034595013,224.0
TriUnet,cuda,[6.985739453173903e-06],8,300,True,0.1934772598743438,0.2540323293209076,0.8032479882240295,0.829567551612854,0.3536728918552398,0.7474933529272676,225.0
TriUnet,cuda,[6.913417161825449e-06],8,300,True,0.1877150422334671,0.2261186574772,0.8286359906196594,0.8271509408950806,0.3801136314868927,0.7736447364836931,226.0
TriUnet,cuda,[6.840622763423391e-06],8,300,True,0.186342048048973,0.2425560902059078,0.8216424584388733,0.8444535136222839,0.3408228456974029,0.7508466895669699,227.0
TriUnet,cuda,[6.767374218896286e-06],8,300,True,0.1856863182783127,0.2560278939083218,0.8210256695747375,0.8413314819335938,0.3506102561950683,0.7375717349350452,228.0
TriUnet,cuda,[6.693689601226458e-06],8,300,True,0.1745044368505477,0.2529126881808042,0.8183361887931824,0.8294522762298584,0.3751190304756164,0.7523006361722946,229.0
TriUnet,cuda,[6.619587090990748e-06],8,300,True,0.1897970789670944,0.2449641735106706,0.8148896098136902,0.835874080657959,0.3416059017181396,0.7548341297730803,230.0
TriUnet,cuda,[6.545084971874738e-06],8,300,True,0.1750821602344513,0.2437558670714497,0.8294896483421326,0.8328600525856018,0.3715562224388122,0.7523994002118707,231.0
TriUnet,cuda,[6.470201626161521e-06],8,300,True,0.1790985941886901,0.2555716214701533,0.8149760365486145,0.8419989943504333,0.3625474274158478,0.7415374253690243,232.0
TriUnet,cuda,[6.3949555301961474e-06],8,300,True,0.1921687620878219,0.2570626142993569,0.8022552728652954,0.8483245372772217,0.3615974485874176,0.743281973414123,233.0
TriUnet,cuda,[6.319365249826864e-06],8,300,True,0.1702433896064758,0.2517317831143736,0.8150351047515869,0.8466872572898865,0.355362057685852,0.7483193374797702,234.0
TriUnet,cuda,[6.243449435824273e-06],8,300,True,0.1692823094129562,0.2535501632839441,0.8171983957290649,0.8405529856681824,0.3736910820007324,0.7386597035825253,235.0
TriUnet,cuda,[6.1672268192795285e-06],8,300,True,0.1704134464263916,0.246974282823503,0.8089621067047119,0.8452630639076233,0.364661306142807,0.7468047020956874,236.0
TriUnet,cuda,[6.090716206982714e-06],8,300,True,0.1770550835132598,0.2404890910163521,0.8238596320152283,0.8487255573272705,0.3809264302253723,0.7562329552695155,237.0
TriUnet,cuda,[6.0139364767825635e-06],8,300,True,0.1813233214616775,0.2483992717973888,0.821276068687439,0.8428816199302673,0.3574882447719574,0.7471581656113266,238.0
TriUnet,cuda,[5.936906572928625e-06],8,300,True,0.1721341812610626,0.2582203506305813,0.8074551224708557,0.8558019995689392,0.35163614153862,0.7400842010416091,239.0
TriUnet,cuda,[5.859645501397048e-06],8,300,True,0.1741534155607223,0.2524956734664738,0.8262324333190918,0.8540171980857849,0.367154985666275,0.7403323281742633,240.0
TriUnet,cuda,[5.782172325201155e-06],8,300,True,0.1766823023557663,0.2466745920479297,0.8215858340263367,0.8496421575546265,0.37069833278656,0.7491852752119303,241.0
TriUnet,cuda,[5.704506159687915e-06],8,300,True,0.178601650595665,0.2407826129719615,0.8278307914733887,0.8528310656547546,0.3995341956615448,0.7536422270536423,242.0
TriUnet,cuda,[5.6266661678215225e-06],8,300,True,0.1707274901866912,0.2382851856574416,0.8119502067565918,0.8530725240707397,0.3756211698055267,0.7621011390909552,243.0
TriUnet,cuda,[5.548671555455227e-06],8,300,True,0.172477508187294,0.2549900743737817,0.8123142123222351,0.8458764553070068,0.3820262849330902,0.7499630535393953,244.0
TriUnet,cuda,[5.470541566592572e-06],8,300,True,0.1722970163822174,0.2762012703344226,0.8052616715431213,0.8330994248390198,0.3762547969818115,0.7173193844407797,245.0
TriUnet,cuda,[5.392295478639226e-06],8,300,True,0.1705704975128174,0.2545622337982058,0.8102146983146667,0.8414936065673828,0.376315176486969,0.7464631059393287,246.0
TriUnet,cuda,[5.3139525976465675e-06],8,300,True,0.1882053750753402,0.242251926138997,0.8080512285232544,0.8405023217201233,0.3766936063766479,0.7569531789794565,247.0
TriUnet,cuda,[5.235532253548213e-06],8,300,True,0.156922977566719,0.2369638741761446,0.8225005865097046,0.836693286895752,0.3707717955112457,0.7616984513029457,248.0
TriUnet,cuda,[5.157053795390642e-06],8,300,True,0.1785057407617569,0.2448130417615175,0.8194361329078674,0.8429742455482483,0.3807836174964905,0.7542843570932746,249.0
TriUnet,cuda,[5.078536586559104e-06],8,300,True,0.1645288830995559,0.2375549855269491,0.8303388357162476,0.8395401239395142,0.3850391209125519,0.7646826275065541,250.0
TriUnet,cuda,[5e-06],8,300,True,0.1801523971557617,0.2464353036507964,0.8262752294540405,0.8426451683044434,0.3913981318473816,0.7483236416429282,251.0
TriUnet,cuda,[4.921463413440898e-06],8,300,True,0.1582542943954467,0.2418388710170984,0.8309709429740906,0.8398552536964417,0.3833625316619873,0.7674815259501337,252.0
TriUnet,cuda,[4.842946204609359e-06],8,300,True,0.1648271250724792,0.2469923131540417,0.8281077742576599,0.8481782674789429,0.3844564855098724,0.7475893680751324,253.0
TriUnet,cuda,[4.7644677464517874e-06],8,300,True,0.1619480270147323,0.2222243793867528,0.8338291645050049,0.8423051238059998,0.392823189496994,0.772448207475245,254.0
TriUnet,cuda,[4.686047402353433e-06],8,300,True,0.1613614326715469,0.2518305391818285,0.8271344900131226,0.8505028486251831,0.3895600736141205,0.7489623945020139,255.0
TriUnet,cuda,[4.6077045213607765e-06],8,300,True,0.1784359657764435,0.2409592736512422,0.8296026587486267,0.8432732224464417,0.3962591886520386,0.7558846895769238,256.0
TriUnet,cuda,[4.529458433407429e-06],8,300,True,0.161710222363472,0.2465532322973013,0.8184731006622314,0.8431397080421448,0.377787172794342,0.7537363183125854,257.0
TriUnet,cuda,[4.451328444544774e-06],8,300,True,0.1657161056995391,0.2406640167161822,0.8201399445533752,0.8542271256446838,0.3759061396121979,0.7561455584689974,258.0
TriUnet,cuda,[4.37333383217848e-06],8,300,True,0.163940936923027,0.2547708231210708,0.8216966390609741,0.8531008362770081,0.3685727119445801,0.7368508818373084,259.0
TriUnet,cuda,[4.295493840312088e-06],8,300,True,0.156890799999237,0.2386781468242406,0.8265593647956848,0.8508630990982056,0.394733726978302,0.7558115246146917,260.0
TriUnet,cuda,[4.217827674798846e-06],8,300,True,0.1463442951440811,0.2381992688402533,0.8196978569030762,0.8507965207099915,0.3970344960689544,0.7709310125559569,261.0
TriUnet,cuda,[4.140354498602952e-06],8,300,True,0.1661216276884079,0.245964624248445,0.8157882690429688,0.8500200510025024,0.3911252617835998,0.7561659818328917,262.0
TriUnet,cuda,[4.063093427071377e-06],8,300,True,0.1639314496517181,0.2450370489433407,0.8196827173233032,0.8545970320701599,0.4083268344402313,0.7537777145206929,263.0
TriUnet,cuda,[3.986063523217438e-06],8,300,True,0.1665323621034622,0.2535095392167568,0.824796199798584,0.8462139368057251,0.4019767940044403,0.7359693877026439,264.0
TriUnet,cuda,[3.909283793017289e-06],8,300,True,0.1567658424377441,0.2373805839009583,0.8291295766830444,0.8530213832855225,0.3856300413608551,0.7516489160992206,265.0
TriUnet,cuda,[3.832773180720472e-06],8,300,True,0.1695109689235687,0.2395719850063324,0.8192089796066284,0.8491683006286621,0.4169113636016845,0.753485718742013,266.0
TriUnet,cuda,[3.756550564175726e-06],8,300,True,0.1611801999807357,0.2391976174712181,0.8241497278213501,0.8499903678894043,0.409836858510971,0.7543593108467758,267.0
TriUnet,cuda,[3.680634750173136e-06],8,300,True,0.1516750991344451,0.231211570315063,0.8240815997123718,0.8553589582443237,0.4195826351642608,0.7675727755576373,268.0
TriUnet,cuda,[3.6050444698038547e-06],8,300,True,0.1558155363798141,0.2506877751648426,0.817751407623291,0.8477783203125,0.4137755334377289,0.7429112986102699,269.0
TriUnet,cuda,[3.5297983738384813e-06],8,300,True,0.1635716825723648,0.2360572068765759,0.8286340832710266,0.8562467098236084,0.4018682241439819,0.7573307887837291,270.0
TriUnet,cuda,[3.4549150281252648e-06],8,300,True,0.1685248535871505,0.2506813672930002,0.8154603838920593,0.850172221660614,0.4151648581027984,0.7396223340928554,271.0
TriUnet,cuda,[3.380412909009253e-06],8,300,True,0.1519263154268264,0.2352086847834289,0.8235880136489868,0.8516956567764282,0.4061885476112366,0.7579488782025874,272.0
TriUnet,cuda,[3.3063103987735433e-06],8,300,True,0.1618117976188659,0.2518303689360618,0.8263197541236877,0.8509646058082581,0.3967179656028747,0.7394452353194356,273.0
TriUnet,cuda,[3.2326257811037154e-06],8,300,True,0.1590650391578674,0.2363570682331919,0.8117798566818237,0.8495579361915588,0.400397777557373,0.7582901949808002,274.0
TriUnet,cuda,[3.159377236576612e-06],8,300,True,0.1538191068172454,0.241766926087439,0.8202617168426514,0.8493366837501526,0.3862212300300598,0.763451887331903,275.0
TriUnet,cuda,[3.0865828381745528e-06],8,300,True,0.1570299881696701,0.2347432730533182,0.8166100382804871,0.8462005853652954,0.3837326169013977,0.7714293435402214,276.0
TriUnet,cuda,[3.0142605468260967e-06],8,300,True,0.1595689618587494,0.2206732185557484,0.8263497948646545,0.8515352010726929,0.3777868449687958,0.7821309345960616,277.0
TriUnet,cuda,[2.9424282069744564e-06],8,300,True,0.1512085205316543,0.2418763078376651,0.8161973357200623,0.8441922068595886,0.3745305240154266,0.7573518953099847,278.0
TriUnet,cuda,[2.871103542174637e-06],8,300,True,0.1479981327056884,0.2273418819718063,0.8250617980957031,0.8480435013771057,0.385746419429779,0.7664643321745097,279.0
TriUnet,cuda,[2.800304150720424e-06],8,300,True,0.1585706710815429,0.2254988246783614,0.8238523006439209,0.845599353313446,0.3841347098350525,0.7750450257956982,280.0
TriUnet,cuda,[2.7300475013022666e-06],8,300,True,0.1511326903104782,0.2504933846369386,0.8194550275802612,0.8448247313499451,0.3914372622966766,0.7383139610663056,281.0
TriUnet,cuda,[2.6603509286971342e-06],8,300,True,0.1532505929470062,0.25403040189296,0.8214721083641052,0.8439954519271851,0.3812604546546936,0.7403593191504478,282.0
TriUnet,cuda,[2.5912316294914232e-06],8,300,True,0.1464551877975463,0.2290855773165822,0.8175790309906006,0.8462121486663818,0.382834255695343,0.7757142164558173,283.0
TriUnet,cuda,[2.5227066578379624e-06],8,300,True,0.1458518797159195,0.2501616732776165,0.82451331615448,0.839681088924408,0.3938888609409332,0.7431934640929103,284.0
TriUnet,cuda,[2.4547929212481436e-06],8,300,True,0.1596506494283676,0.22268898665905,0.8193274736404419,0.8571314215660095,0.3883481025695801,0.779705699197948,285.0
TriUnet,cuda,[2.387507176420256e-06],8,300,True,0.1663922816514969,0.2299574789591133,0.8250723481178284,0.8548780679702759,0.4027489125728607,0.7662190048582852,286.0
TriUnet,cuda,[2.320866025105016e-06],8,300,True,0.1527387797832489,0.2422950080037117,0.8282546997070312,0.8498194217681885,0.391993373632431,0.7515922025591135,287.0
TriUnet,cuda,[2.254885910009341e-06],8,300,True,0.150428866147995,0.2359304406121373,0.8276441097259521,0.8584957122802734,0.3926315605640411,0.7634398052468896,288.0
TriUnet,cuda,[2.189583110739347e-06],8,300,True,0.1491860485076904,0.2406249561160802,0.8291620016098022,0.852134644985199,0.4064366817474365,0.7522813921608031,289.0
TriUnet,cuda,[2.1249737397836072e-06],8,300,True,0.1536232024431228,0.2359500579163432,0.8302963972091675,0.8559482097625732,0.3997376561164856,0.7569701998308301,290.0
TriUnet,cuda,[2.061073738537635e-06],8,300,True,0.1416528725624084,0.2255558259412646,0.8292137384414673,0.8586869835853577,0.3939838409423828,0.7667819144949317,291.0
TriUnet,cuda,[1.9978988733705807e-06],8,300,True,0.1509766632318496,0.2355542331561446,0.8282162547111511,0.8560662269592285,0.3976322114467621,0.7599138543382287,292.0
TriUnet,cuda,[1.935464731735117e-06],8,300,True,0.1564324074983596,0.2412200418487191,0.833432674407959,0.857475996017456,0.406757116317749,0.7539560794830322,293.0
TriUnet,cuda,[1.8737867183214743e-06],8,300,True,0.1632546174526214,0.2382498701661825,0.829632580280304,0.8479963541030884,0.3988949954509735,0.7543696750700474,294.0
TriUnet,cuda,[1.8128800512565514e-06],8,300,True,0.1569020664691925,0.2383037130720913,0.8299114108085632,0.8518761992454529,0.3919079005718231,0.7624727297946811,295.0
TriUnet,cuda,[1.7527597583490825e-06],8,300,True,0.1466726064682006,0.2304958843067288,0.8341501355171204,0.848839282989502,0.3908880054950714,0.76463499173522,296.0
TriUnet,cuda,[1.6934406733817417e-06],8,300,True,0.1609001320600509,0.2170383124426007,0.8317219614982605,0.8558241128921509,0.3960540294647217,0.7806475921161473,297.0
TriUnet,cuda,[1.634937432451133e-06],8,300,True,0.1482836639881134,0.2268111814558506,0.8350678086280823,0.8535819053649902,0.3948276937007904,0.768303205948323,298.0
TriUnet,cuda,[1.5772644703565564e-06],8,300,True,0.1488876050710678,0.2278080290183425,0.8329740762710571,0.8511133790016174,0.38596126437187195,0.7724118069559336,299.0
